time,x,y,z,phi,theta,psi,x_velocity,y_velocity,z_velocity,phi_velocity,theta_velocity,psi_velocity,rotor_speed1,rotor_speed2,rotor_speed3,rotor_speed4
0.06,9.05156240167e-08,4.42873599374e-08,10.0035843016,6.28277185537,6.28300926244,0.0,1.14505677488e-05,-1.40488701064e-05,0.119470935406,-0.0265446416192,-0.00956506123704,0.0,442.74399219873845,441.9565280224692,444.80601667915784,442.62731083552654
0.12000000000000001,6.97754594243e-06,-1.56743823089e-05,10.0149075406,6.28062379647,6.2820882261,0.0,0.000294644950199,-0.000694274563703,0.257948280005,-0.0701534328813,-0.0306125729476,0.0,450.2154047431956,448.5095817568743,450.34154625107976,446.79983845999914
0.18,5.9427366655e-05,-0.000138170188966,10.0369243079,6.27641796803,6.28025761191,0.0,0.00167266823108,-0.00389139066268,0.475875755638,-0.0699848531147,-0.0303063810304,0.0,471.8541256467569,471.8775100144756,474.0059664257817,474.01550604813383
0.23999999999999996,0.000227725324034,-0.000528509917022,10.0686022019,6.2718789554,6.27824912558,0.0,0.00413254257528,-0.00956432652761,0.58000202855,-0.0904697371549,-0.040712493181,0.0,439.48508082058964,438.62136771943574,438.74067147855385,437.03203791704175
0.3,0.000588499013692,-0.00136005680631,10.1066705316,6.26610650041,6.2754725426,0.0,0.0081591206956,-0.0187280447419,0.68887326256,-0.111282121247,-0.0607433793553,0.0,440.8244568598596,439.1649489272329,441.0596357046722,439.3293712206061
0.36000000000000004,0.00126350629319,-0.00288868998201,10.1524502929,6.25936979415,6.27145595492,0.0,0.0147535996545,-0.032956390327,0.837003480337,-0.11434752117,-0.0837428244173,0.0,452.92006012690877,451.0632675625088,453.081948611533,452.8245198717112
0.4200000000000001,0.00242138190622,-0.0054055272415,10.2065351755,6.25297190971,6.26625194995,0.0,0.0243837085432,-0.0516363996599,0.965699539173,-0.0944950217677,-0.0935041897345,0.0,447.6868721855827,446.88579657714143,445.3816085232185,446.99197256491414
0.48000000000000015,0.00425220304919,-0.00914375827169,10.2672832918,6.24724091075,6.26084624341,0.0,0.0371981381081,-0.0735443087719,1.05912542683,-0.0976407731871,-0.0840295381343,0.0,435.3228775484699,436.1078605373332,436.25631116003643,435.98563003643227
0.5400000000000001,0.0070606155174,-0.0144733513389,10.3379363747,6.24175466737,6.25602738921,0.0,0.0570118732398,-0.104790101117,1.29569689427,-0.0812714773333,-0.0737657619597,0.0,478.62397927747685,479.39966922823044,479.6627720159405,480.8976648812525
0.6000000000000002,0.0110003739778,-0.0215459427051,10.4165519358,6.23668507798,6.25160575207,0.0,0.0747174510021,-0.131415514434,1.32475484348,-0.0918674097407,-0.0735507999819,0.0,416.10815896662535,416.122338624997,415.90771210440056,414.972262969486
0.6600000000000003,0.016105830194,-0.030343145885,10.497563175,6.23144829358,6.24712305992,0.0,0.0958838302597,-0.162329327516,1.37551797917,-0.0794045236641,-0.0771389147875,0.0,424.2701420602069,423.95731884004437,421.6302107972339,422.698636368461
0.7200000000000003,0.0225948677805,-0.0411315484432,10.5823381158,6.22646912646,6.24250618903,0.0,0.120868337878,-0.197756500416,1.45017411585,-0.0913290737911,-0.0765686519989,0.0,431.13422280663735,431.17750530128035,431.6728573540992,430.65959464777427
0.7800000000000004,0.0307368247108,-0.0542322387169,10.6730720816,6.22171277576,6.23780187674,0.0,0.151013890375,-0.239456135592,1.57407015544,-0.0622286600829,-0.0823549809273,0.0,446.68325215361466,446.2062779913957,446.5768373318604,448.93864163354965
0.8400000000000004,0.0408759617857,-0.0700473897779,10.7731022817,6.21774157642,6.23320015278,0.0,0.187490006145,-0.288138690723,1.75993939503,-0.0755847467726,-0.0672768017752,0.0,466.19276875471166,467.364897698511,466.731978786589,465.6853998689803
0.9000000000000005,0.0532341235741,-0.0887835288278,10.8828368958,6.21269720592,6.22880321031,0.0,0.224886277396,-0.336887808323,1.8975940547,-0.112211566504,-0.0893426067275,0.0,453.70765637255687,451.9284184447031,453.77216707884895,450.81617276150735
0.9600000000000005,0.0680251438088,-0.11067722031,11.0023974658,6.20608349674,6.2232062617,0.0,0.268758953981,-0.393645854173,2.08732251593,-0.106534283392,-0.102626086611,0.0,469.5068628385241,468.46823066390834,468.7717015711948,469.2025682974787
1.0200000000000005,0.0856504580071,-0.136214842445,11.1344294118,6.20053983971,6.21657757113,0.0,0.319485412381,-0.458280784606,2.31318614703,-0.0733227112434,-0.134776579408,0.0,482.52084772497307,480.07726107196225,478.5281094496045,481.04239268742623
1.0800000000000005,0.106186024259,-0.165386338747,11.2755442074,6.19600239064,6.20802252609,0.0,0.365834713437,-0.514526925211,2.39036486705,-0.0806745834246,-0.166627523401,0.0,438.18053322916086,435.50440823128514,436.05611582722776,435.4368918271839
1.1400000000000006,0.12971890563,-0.198068010818,11.4217596218,6.1908975666,6.19815163121,0.0,0.419581694943,-0.575339952838,2.4831314021,-0.0957889654559,-0.160598172458,0.0,442.2308628732287,442.7012366198686,441.9728109401554,440.7192412924528
1.2000000000000006,0.156972047926,-0.234821077645,11.5768828889,6.18510070889,6.18817672903,0.0,0.489961964987,-0.650388594122,2.68697709306,-0.0983169214729,-0.180997584989,0.0,478.0523967630764,476.47074029674235,476.1239051060856,475.92316554348355
1.2600000000000007,0.188539374737,-0.27605986086,11.7426478704,6.17936471391,6.17717544355,0.0,0.563441756883,-0.724827544407,2.83792466714,-0.0906585379265,-0.188534765742,0.0,462.50349845357266,461.87826363726066,461.8997217690667,462.49585737052246
1.3200000000000007,0.22467502965,-0.321805626824,11.9166344983,6.17367983635,6.16597862331,0.0,0.642228970913,-0.800570833091,2.96106428267,-0.104521286282,-0.18302978896,0.0,454.1279402836287,454.53629923548885,456.0606903007048,454.94457869612665
1.3800000000000008,0.265349872728,-0.37182617017,12.0944302172,6.1670934306,6.15510265633,0.0,0.714551938073,-0.8673305597,2.96520866605,-0.123162260526,-0.177958276989,0.0,417.4165520740824,417.82480292668015,418.45810141201605,416.8204328831889
1.4400000000000008,0.310804121447,-0.426193630549,12.2743142925,6.15973129143,6.14407770273,0.0,0.801605916835,-0.945596224949,3.03045245311,-0.121798840185,-0.198998286416,0.0,439.6291504214494,437.84853880570523,438.10893918755426,438.2084186923991
1.5000000000000009,0.361601557463,-0.485310916893,12.4573585117,6.15243022279,6.13198997729,0.0,0.892734556759,-1.02562684898,3.07057620875,-0.121456952803,-0.206901160948,0.0,431.8764266169998,431.1680981930707,431.13990883844644,431.15490937790975
1.560000000000001,0.417957729802,-0.549247258101,12.6418677316,6.14534039684,6.1191960161,0.0,0.986898766393,-1.10619441958,3.07934834017,-0.112284430928,-0.230512960042,0.0,423.21688911726045,421.13123514064534,421.2391410865301,422.0182004512382
1.620000000000001,0.480333546347,-0.618252890848,12.8276482391,6.13829054899,6.1056641424,0.0,1.093521826,-1.19458277993,3.11281976917,-0.130754501345,-0.217087121447,0.0,430.5908079197681,431.6727527316581,431.8368679662258,430.2628419561524
1.680000000000001,0.54956569439,-0.69286195956,13.0165109238,6.13029701647,6.09208656858,0.0,1.21543682261,-1.29309016747,3.18191206345,-0.138686068448,-0.259979088637,0.0,445.80918977404326,442.2367956700561,444.20517254581245,443.537818833078
1.740000000000001,0.626367722224,-0.773518542431,13.2093273835,6.12218814608,6.07691860356,0.0,1.34604692067,-1.39617377056,3.24453045778,-0.128880001701,-0.241356927882,0.0,442.8605787530549,444.32503804045575,442.93912154375425,443.72788821775765
1.8000000000000012,0.711341865087,-0.860543187189,13.4060147657,6.11511337102,6.06292722714,0.0,1.48771972204,-1.50527226338,3.31091000674,-0.102011999444,-0.220505831032,0.0,445.9912817017305,447.6368076465834,444.8644286041926,447.0462264297371
1.8600000000000012,0.804941730407,-0.954134833574,13.6059695335,6.10916416849,6.04968571693,0.0,1.63343234866,-1.61493697625,3.35352915491,-0.0939782265234,-0.221065760546,0.0,440.09391875362786,439.99880427344584,440.34156595102843,440.9971082556749
1.9200000000000013,0.9081841607,-1.05488446205,13.8110648401,6.10352234624,6.03624707632,0.0,1.80923319675,-1.74383881004,3.48186434311,-0.0941347867228,-0.23053584005,0.0,470.35078360520083,469.5698311540381,468.96036107873925,468.94121333211916
1.9800000000000013,1.02122091523,-1.16274732905,14.0197349326,6.09740219376,6.02255462682,0.0,1.95977369343,-1.85203033594,3.47318449708,-0.12638970108,-0.223923716705,0.0,426.7515831808995,427.26155194961274,428.6699378480508,425.90975437587457
2.0400000000000014,1.14449801913,-1.27788327412,14.2313509266,6.08968800696,6.00909739344,0.0,2.15065016075,-1.98646014202,3.57947130323,-0.133326009779,-0.225022907339,0.0,466.2920014980592,466.15879207959273,467.12307742875555,466.56753532711366
2.1000000000000014,1.27921774056,-1.40104378014,14.4482373122,6.08145221839,5.99563657661,0.0,2.34113382093,-2.11953030856,3.6489390082,-0.146594478602,-0.223030637402,0.0,456.86369945911457,456.97411956560427,458.4228611147636,457.3502220698182
2.1600000000000015,1.42508792189,-1.53198123067,14.6674055342,6.0727993745,5.98204072997,0.0,2.52225192503,-2.24571114586,3.65574468248,-0.139838936119,-0.234887270315,0.0,439.7351732496809,438.69987195495776,438.83896704870426,439.37970146612093
2.2200000000000015,1.58171954628,-1.67040355821,14.8857933483,6.06529309439,5.9678325853,0.0,2.69985447335,-2.36892920779,3.62305596534,-0.105491515964,-0.240928697235,0.0,427.838704314837,427.26550440112374,426.37508164103406,429.28404022497097
2.2800000000000016,1.74937145184,-1.81642077427,15.1025055549,6.05906046661,5.95330662067,0.0,2.88961147269,-2.4987364577,3.59980954427,-0.100831889902,-0.24454481553,0.0,433.31119147402046,432.9467460587454,432.4574458197672,432.84007883032507
2.3400000000000016,1.92807982513,-1.96995788196,15.3161081271,6.0535575175,5.93911624635,0.0,3.06833134375,-2.61955539317,3.51964975821,-0.0778835861742,-0.22398091874,0.0,413.7767779511903,415.52272233150165,413.5718016167266,415.5803897214197
2.4000000000000017,2.11905970011,-2.13167377332,15.5284297747,6.04857655681,5.9261128524,0.0,3.29859534235,-2.77124500749,3.55651893472,-0.0960114512653,-0.205177457406,0.0,456.47177934665416,457.9246693375529,457.79341312373816,456.3429361779448
2.4600000000000017,2.32594321853,-2.30373844359,15.747658875,6.04355166775,5.91392644414,0.0,3.59833842099,-2.96448121624,3.74900401453,-0.0664948891802,-0.19926368474,0.0,508.6464394309461,509.03505422631076,508.82404619247336,510.9278612977518
2.520000000000002,2.54732610569,-2.48520491717,15.9689280252,6.03955737548,5.90218071338,0.0,3.78182156655,-3.08469773081,3.62621098722,-0.0667251995431,-0.189555357288,0.0,407.1800320421349,408.006486511065,407.64057414949315,407.6162511401844
2.580000000000002,2.78123935019,-2.67477209137,16.1860640589,6.03622645049,5.89163172778,0.0,4.01589135223,-3.23440011767,3.61064499792,-0.0393489982005,-0.157131778258,0.0,446.3429450339566,448.95113905020867,446.66136147944707,448.88648207692125
2.640000000000002,3.02959877259,-2.87352594403,16.4027527619,6.03354061218,5.8821240005,0.0,4.2631943441,-3.39082642,3.61125493563,-0.0587153104297,-0.161261282125,0.0,456.9311613203941,456.57868206555685,455.16449110025883,453.61048866751946
2.700000000000002,3.29168900988,-3.08099722674,16.6165429755,6.02997927687,5.8725336527,0.0,4.47362922969,-3.52514672444,3.51449256025,-0.0606673252572,-0.157140038404,0.0,422.7397868358041,423.0691320367017,423.8124100618503,423.64190408327
2.760000000000002,3.56806762992,-3.29748222418,16.8278756003,6.0262087028,5.8631554738,0.0,4.73933161281,-3.69119279747,3.52865437792,-0.0675914282661,-0.154681372832,0.0,464.81056299962313,464.98129473686487,463.9918430740601,463.4451384718468
2.820000000000002,3.86101648459,-3.52428722094,17.041011726,6.02184794697,5.85383372802,0.0,5.02587853788,-3.86914661272,3.57433756831,-0.0855298032792,-0.156758721027,0.0,477.12835374915943,476.94867988302127,479.42190449861357,478.0529360679873
2.880000000000002,4.16818057857,-3.76010487698,17.2502186955,6.01684935504,5.84410047054,0.0,5.21338457094,-3.9918671874,3.39894245998,-0.0792060149557,-0.176314454366,0.0,401.0953510771755,399.28618719503686,402.0257194805083,402.5919726901006
2.940000000000002,4.4907079041,-4.00561546753,17.4570455174,6.01273360462,5.83344673523,0.0,5.53774632902,-4.19191194603,3.4932061439,-0.0530749580321,-0.180178456184,0.0,498.93169222021356,498.6227908864881,497.3822147636587,499.2893937439633
3.000000000000002,4.83193767955,-4.26269474617,17.667516858,6.00916785605,5.82236641978,0.0,5.83683590493,-4.37744882221,3.5207735417,-0.0768349174973,-0.195633262752,0.0,481.54690240714865,480.3456394047866,482.1782520893126,480.3771637110705
3.0600000000000023,5.19208563162,-4.53142349814,17.8810559156,6.00472275394,5.81107468121,0.0,6.16826223986,-4.58023414482,3.59494595472,-0.0690882573287,-0.176417718684,0.0,499.3156338169644,500.6853588374723,501.0132417275811,501.5726509748212
3.1200000000000023,5.56956091815,-4.81094268766,18.0937625169,6.00144341397,5.80053788603,0.0,6.41453429051,-4.73730019313,3.49426241592,-0.0353087809707,-0.174053235099,0.0,445.31954911587974,445.4833498721077,443.1751109694378,445.94133260511387
3.1800000000000024,5.96441732083,-5.10127434626,18.3048852152,5.99958749728,5.79163277557,0.0,6.7472151517,-4.94030653378,3.54116431724,-0.0233678964791,-0.120814581861,0.0,497.77159428451137,501.633071513438,497.93123265371486,498.80398647969884
3.2400000000000024,6.37738273594,-5.40282413531,18.5152124929,5.9979549298,5.78458460871,0.0,7.01818111428,-5.11145752953,3.46870743016,-0.03628081299,-0.111507020767,0.0,461.9887227755211,462.71038706674665,462.3530754627616,461.33414157518683
3.3000000000000025,6.80801451257,-5.71541117517,18.7235089545,5.99585212499,5.77740813973,0.0,7.3358075637,-5.30812387896,3.4728521967,-0.0326867664804,-0.145307748173,0.0,492.990502427999,490.473790244861,490.9729626318885,491.2392144931474
3.3600000000000025,7.25486968,-6.03838730427,18.9269435714,5.99412278591,5.7689274279,0.0,7.55950769069,-5.45802789565,3.30775500416,-0.0220393404544,-0.134417007434,0.0,432.58329364868234,433.4804610080417,434.7857201819631,435.6768806180044
3.4200000000000026,7.71792722723,-6.3718010736,19.1250241975,5.99271928006,5.76071106336,0.0,7.87539506965,-5.65572630622,3.29323721861,-0.0262436066063,-0.142526127103,0.0,491.40849253622383,490.7913921084074,490.0192074734389,489.70648669721606
3.4800000000000026,8.19824185549,-6.71626414443,19.3191938496,5.99175475687,5.75251379569,0.0,8.13500051631,-5.82653753559,3.17810176909,-0.00103543944956,-0.126866460114,0.0,458.06506377783717,459.29228384332265,457.4278738439439,459.43159865839084
3.5400000000000027,8.69496943755,-7.0714259948,19.5076661536,5.9918228684,5.74451981127,0.0,8.4222885988,-6.01221167957,3.10306698419,0.00515723772702,-0.150670868325,0.0,476.5086832704355,474.6693526071914,475.15822802113775,475.6328663956534
3.6000000000000028,9.2081617808,-7.43738653818,19.6902323929,5.99167824732,5.7355903981,0.0,8.68401802111,-6.18657798411,2.98147388458,-0.0252527369239,-0.145367645956,0.0,461.29904609475733,461.697859891332,462.8707228604,460.4705283373353
3.660000000000003,9.73649302938,-7.81358675806,19.8644551355,5.98980462825,5.72777647127,0.0,8.92691369698,-6.35373191028,2.82515836448,-0.0471789457128,-0.110258717507,0.0,449.51795256044824,452.3388712446607,452.0540815660697,450.28272665074456
3.720000000000003,10.2828489806,-8.20150865602,20.0345036055,5.98682805848,5.72086975419,0.0,9.28401780561,-6.57704320512,2.84088605028,-0.0549753700422,-0.127199514159,0.0,514.9305365319985,513.720320484027,515.511319693838,514.9587706690011
3.780000000000003,10.8483375103,-8.60186408008,20.201846178,5.98336617693,5.71325326836,0.0,9.56513429092,-6.76843570471,2.73579828146,-0.0637880859638,-0.126430718654,0.0,477.44633047614616,477.4915355252127,478.19952932090314,477.52544161301535
3.840000000000003,11.4285962292,-9.01284577605,20.3596265749,5.97987148201,5.70543722167,0.0,9.77675002185,-6.93150215613,2.52301501731,-0.0489881487926,-0.139315074088,0.0,441.0618690124179,439.9801692456283,438.9168174985201,440.14141940106134
3.900000000000003,12.0211077681,-9.43352342408,20.5039007196,5.97655424687,5.69669686357,0.0,9.97367467844,-7.09166666861,2.28572749126,-0.0724764823603,-0.163071475458,0.0,433.198509962649,431.1743148180493,431.9731130909228,429.9846434628235
3.960000000000003,12.6277008429,-9.86495459338,20.6370671169,5.97225351512,5.68637518302,0.0,10.2457162721,-7.28973948619,2.15156304959,-0.0701303396132,-0.203566812057,0.0,474.93986301212556,471.794387749368,473.62751678091416,473.804387974321
4.020000000000002,13.2497312104,-10.3079735508,20.7607074452,5.96771547793,5.67441542753,0.0,10.4885072432,-7.47798102488,1.96837129372,-0.0898857213495,-0.191984993088,0.0,459.16460311192344,460.0453008077378,459.21744539013474,457.64256160488424
4.080000000000001,13.8863652954,-10.7624082075,20.8731609339,5.96292908797,5.66267803516,0.0,10.7324218401,-7.67031893893,1.77862913571,-0.0648019186622,-0.204111752491,0.0,459.8499964472058,458.85175923450817,460.0800736209613,462.05747812622377
4.14,14.5358208501,-11.227697835,20.9715945523,5.95865405421,5.6506120489,0.0,10.9162522376,-7.83999771992,1.50182858229,-0.089030826904,-0.195678115057,0.0,427.57120783344607,428.2480450664442,429.5893948496094,427.52463497450395
4.199999999999998,15.1999881385,-11.7048955519,21.0579846374,5.95309082773,5.63922182189,0.0,11.2219729817,-8.06693778321,1.37553176637,-0.101360511493,-0.180174637054,0.0,490.1662605580175,491.2859485461581,491.58189939715606,490.660610498516
4.259999999999997,15.8796219613,-12.1946079308,21.1329074387,5.94703488868,5.62841593216,0.0,11.4323104879,-8.25752163313,1.12079379753,-0.10009006327,-0.179945879674,0.0,445.74485701854724,445.7323253429781,445.5241701507943,445.6193077668626
4.319999999999996,16.5708057792,-12.6954591871,21.1910584461,5.94114032241,5.61793974225,0.0,11.607168282,-8.43838177884,0.816902023518,-0.0947854566694,-0.165637789722,0.0,427.04827755826864,428.2367731727314,427.2511654831635,427.6947022797045
4.379999999999995,17.2726477199,-13.2074117826,21.2310425093,5.93509082338,5.60799357587,0.0,11.7874885474,-8.62760356456,0.515177226049,-0.117006796054,-0.166033679218,0.0,429.29595484363017,429.23503837390564,432.6666762157896,430.78140143446115
4.439999999999993,17.9864925824,-13.7314172806,21.2541755968,5.92769121381,5.59929002556,0.0,12.006892503,-8.84010912083,0.254644426988,-0.140582748198,-0.120457837806,0.0,448.6148673094206,452.280964739825,452.2668245223208,450.34908815053046
4.499999999999992,18.7120082424,-14.2677637106,21.2598287079,5.9198053015,5.59245985553,0.0,12.1767462027,-9.03923712833,-0.0668489784223,-0.117562872559,-0.10311116175,0.0,426.4821818864428,427.9496710233913,426.7348610198834,428.6793489505611
4.559999999999991,19.4497356039,-14.817181455,21.2484013489,5.91281081977,5.58662282395,0.0,12.4133803042,-9.27568536475,-0.315372763337,-0.114669905595,-0.0876335726435,0.0,461.4062524452046,462.61928235865844,460.924328516122,461.14137693674434
4.6199999999999894,20.1986664004,-15.3797667926,21.2186530028,5.90578538436,5.58134424401,0.0,12.5509282212,-9.47853155946,-0.676439829811,-0.12242866747,-0.0886703287255,0.0,413.9885188972104,413.89018922329416,415.28455410624775,414.58965797049154
4.679999999999988,20.9582396404,-15.9558537467,21.1698269525,5.89875662861,5.57624318101,0.0,12.7674386663,-9.72555366423,-0.952281101236,-0.108261934665,-0.0785675307726,0.0,452.52812112604005,453.3351869938817,455.40512955203866,456.5253765505222
4.739999999999987,21.7336223453,-16.5483134941,21.1074326585,5.89206643206,5.57211796646,0.0,13.07706339,-10.024064477,-1.12970060358,-0.118927559765,-0.0541163878935,0.0,498.15241408809976,499.9347063166469,499.8229336019165,499.03510322932334
4.799999999999986,22.5239078862,-17.1574046398,21.0303729192,5.88461290163,5.56931838521,0.0,13.2651219637,-10.2804453377,-1.4398301615,-0.137765948835,-0.0348453152463,0.0,447.01968186787434,448.5867060904489,450.2474149802168,448.70584684379884
4.859999999999984,23.3244611385,-17.7817922651,20.933593111,5.87631661249,5.56720244377,0.0,13.4195245406,-10.534157878,-1.78680094019,-0.139301029388,-0.0361197894342,0.0,434.2859055773065,434.17836882475183,434.7874119711882,434.64052387891866
4.919999999999983,24.1348827213,-18.4220676354,20.816594522,5.86807350786,5.56494027196,0.0,13.5938451625,-10.8100425575,-2.11414889864,-0.133808697679,-0.0410726339609,0.0,445.8505958918134,445.4448729441688,445.7011122949793,446.13258234735935
4.979999999999982,24.955353621,-19.0791176658,20.6794629412,5.86001656072,5.56302197434,0.0,13.7545890155,-11.0934378428,-2.45785850694,-0.135246122017,-0.0181510567254,0.0,439.8023744963122,441.6972836412872,442.14904106258604,442.013812018778
5.0399999999999805,25.7845529465,-19.7531776927,20.5206950042,5.85248463823,5.56239009875,0.0,13.8850103124,-11.3772915764,-2.83502480858,-0.111014010685,0.00149258486359,0.0,427.9718378840855,429.64154955979643,427.14391770458894,429.1911511800967
